%YAML:1.0
---
model_type: PINHOLE
camera_name: camera
image_width: 1280
image_height: 1024

distortion_parameters:
   k1: -0.02338635 
   k2: 0.37455962
   p1: -0.00076759
   p2: -0.00058105
projection_parameters:
   fx: 2586.55695196
   fy: 2585.60295005
   cx: 631.40456821
   cy: 491.05359755
