%YAML:1.0
---
model_type: PINHOLE
camera_name: camera
image_width: 1920
image_height: 1200

distortion_parameters:
   k1: -0.03316600732262191
   k2: 0.3859012019193169
   p1: -0.0009880263573126366
   p2: 0.0012170509599147836
projection_parameters:
   fx: 2106.9228473480225
   fy: 2106.4145345047946
   cx: 960.6066143906058
   cy: 601.7761050755828
