%YAML:1.0
---
model_type: PINHOLE
camera_name: camera
image_width: 1920
image_height: 1200

distortion_parameters:
   k1: -0.04075981559100289
   k2: 0.4291847699362398
   p1: 0.00041569590100897446
   p2: 0.0010284369711348993
projection_parameters:
   fx: 2109.5618932763737
   fy: 2109.062837227105
   cx: 961.0937383932284
   cy: 600.2452308702941